4 5 7 8 9 8 7 5 4 4 4 4 4 5 5 4 4 4 4 4 2 2 3 3 3 3 7 5 14 15 2 0 18 25 45 81 85 88 87 86 97 113 130 145 154 142 134 125 117 109 102 99 91 85 89 106 95 83 119 115 86 100 112 125 124 130 132 92 67 49 20 16 24 12 15 7 8 10 5 6 2 3 3 4 4 2 1 3 6 4 3 3 4 4 4 4 3 2 1 1
5 7 10 12 12 11 9 8 7 7 7 7 5 7 7 6 5 5 4 4 5 5 5 4 3 8 12 13 5 0 6 34 59 71 69 78 93 124 150 140 127 108 97 84 71 59 42 28 16 14 10 6 8 21 25 24 29 41 29 22 33 26 36 60 71 84 93 126 154 122 64 47 41 36 13 15 13 13 10 5 2 3 4 4 3 2 4 4 5 5 5 4 5 5 5 5 4 3 2 2
4 6 7 8 6 6 5 5 5 5 5 5 4 6 8 8 8 7 6 5 4 4 5 5 15 16 9 5 9 33 54 74 82 71 80 131 144 127 92 47 28 19 34 45 32 39 39 37 32 25 16 9 17 27 29 27 51 65 40 41 53 40 26 38 39 37 43 58 76 134 159 114 75 51 41 22 15 9 7 5 1 2 3 3 3 1 7 5 5 7 8 6 6 6 6 6 6 4 3 4
7 6 6 6 3 3 4 4 2 2 2 2 2 4 6 6 6 4 2 1 4 6 9 11 12 17 10 8 31 59 74 84 92 76 74 66 46 29 10 3 10 28 45 46 47 62 67 69 61 50 42 38 38 48 47 43 37 48 49 70 87 92 75 81 75 52 58 20 16 25 61 112 141 122 62 40 17 7 7 9 5 6 7 7 3 1 9 6 0 4 6 4 8 8 8 8 7 5 4 5
5 6 6 5 5 5 5 5 2 1 1 2 3 3 2 2 3 2 2 3 10 16 18 23 9 5 21 43 57 76 76 79 71 51 38 15 16 28 35 46 47 43 43 44 42 38 32 29 21 16 15 12 12 15 14 7 7 26 42 48 52 55 51 60 68 75 84 78 46 32 18 36 74 94 90 60 45 37 24 11 3 3 1 5 7 2 5 5 2 3 2 1 3 5 5 5 5 5 6 6
4 7 7 4 5 5 5 5 3 2 2 3 4 3 1 1 1 1 2 4 8 5 3 9 12 27 55 77 69 60 50 41 39 57 79 66 55 59 52 53 46 26 10 12 17 11 6 4 7 7 9 5 7 12 10 24 35 27 49 69 69 58 63 68 86 115 95 53 54 65 63 37 28 19 72 99 67 63 52 27 7 4 2 11 14 11 8 6 8 8 8 9 6 3 2 3 2 3 4 5
5 6 6 5 6 6 6 6 4 2 2 4 4 4 4 4 7 4 2 2 6 0 7 24 46 69 70 55 41 30 32 39 52 64 63 47 40 30 12 12 20 21 8 3 4 8 9 6 6 5 7 4 13 19 19 37 44 19 14 10 15 16 29 34 49 86 108 100 61 39 40 55 51 41 34 44 57 56 56 34 25 22 15 13 18 16 10 9 10 9 10 15 6 4 3 4 4 4 4 4
7 3 4 8 7 7 7 7 4 3 3 4 4 6 8 9 6 6 7 9 11 26 46 66 83 76 47 17 36 56 60 56 47 32 8 9 9 15 10 11 15 27 17 9 0 0 2 6 9 7 13 16 22 25 21 25 24 15 13 10 14 11 8 13 16 28 39 63 82 84 70 42 42 57 62 51 31 34 49 45 54 57 43 25 17 18 10 10 10 6 3 4 4 7 8 7 8 7 5 4
11 3 2 5 7 6 5 5 5 4 5 5 2 4 6 7 7 7 3 9 25 54 85 88 67 47 31 41 67 64 40 18 16 12 7 6 11 15 19 23 21 11 8 13 18 19 29 40 43 34 36 45 58 44 26 15 23 32 44 49 49 56 52 44 61 83 47 14 24 45 41 20 11 23 44 67 50 21 24 35 51 66 65 49 26 15 11 10 8 8 7 5 6 9 7 7 7 6 5 5
5 1 1 4 5 5 4 3 4 4 4 4 4 5 6 7 5 5 9 27 31 48 86 70 39 36 62 80 43 18 7 3 1 7 13 17 9 19 26 48 77 94 88 82 86 81 83 90 92 88 83 90 138 137 78 41 53 65 62 70 72 91 99 76 85 136 101 45 24 21 19 8 12 14 19 15 37 48 52 51 33 67 91 59 35 19 11 12 5 8 9 6 4 8 6 6 8 7 6 6
5 3 3 5 4 3 2 2 3 3 3 3 3 3 3 3 6 11 36 58 43 36 55 36 43 64 58 29 30 22 9 7 9 9 12 16 30 48 60 72 87 117 121 111 102 106 102 94 99 108 103 112 172 187 154 100 67 57 55 55 48 62 74 70 68 73 65 51 51 29 12 4 5 3 8 13 17 26 66 81 50 39 55 55 45 41 15 11 3 3 2 2 3 6 5 4 7 6 6 5
6 4 2 3 3 2 1 1 3 3 3 3 1 1 1 0 18 30 58 58 37 19 41 57 69 55 19 11 17 5 10 7 12 19 37 55 73 86 90 71 71 89 106 107 105 112 114 109 109 105 85 96 159 183 120 58 58 47 44 56 55 57 49 49 51 53 55 59 72 60 33 13 13 8 2 13 3 11 9 33 68 56 25 24 49 75 45 25 7 1 0 1 2 5 3 3 5 4 3 3
2 1 0 0 2 2 2 2 1 2 0 1 2 2 4 11 37 59 54 38 18 22 64 78 41 15 4 6 9 7 10 20 36 55 78 86 82 87 86 81 85 96 96 96 106 111 109 101 101 99 92 89 112 140 71 31 54 66 70 81 75 69 73 70 65 69 81 94 96 78 66 37 10 6 8 7 7 8 8 17 36 51 39 29 32 80 79 36 15 5 9 8 4 3 2 2 2 3 3 2
4 3 2 2 2 2 2 2 5 4 1 2 2 2 13 29 64 63 22 14 41 77 74 47 12 6 4 7 10 23 28 52 83 93 89 82 84 96 97 90 91 94 95 106 102 100 101 103 101 104 100 103 131 113 52 37 64 84 86 84 89 84 88 91 87 81 93 99 99 83 69 71 64 28 9 10 6 5 10 11 12 21 55 60 35 45 84 70 34 11 6 1 4 3 2 2 0 1 1 1
5 4 3 3 3 3 3 3 4 5 2 4 8 13 34 59 66 36 7 31 61 59 28 22 12 12 10 17 9 32 69 99 100 93 95 100 106 107 100 91 93 91 94 111 112 106 100 96 96 102 100 124 159 101 56 53 73 88 88 91 101 92 90 96 101 98 104 102 100 86 48 77 116 79 27 15 3 7 7 14 16 13 20 53 66 36 61 88 50 17 9 5 4 3 2 2 0 1 1 1
4 3 2 2 4 4 4 4 1 3 3 6 9 27 43 56 32 18 32 68 48 14 6 5 14 12 12 27 34 64 89 105 95 97 112 110 114 108 103 101 99 93 90 105 109 115 118 116 116 107 109 110 138 129 89 67 72 91 98 107 106 97 94 104 116 118 111 101 90 55 43 52 68 65 52 29 4 3 13 5 1 11 4 21 46 61 43 69 60 19 8 2 4 3 2 2 2 3 3 2
4 4 3 3 3 3 3 3 0 0 2 11 22 29 36 26 20 48 66 47 24 9 8 5 2 9 26 50 83 88 83 90 96 100 104 111 114 116 108 103 104 98 96 105 110 119 128 133 124 111 103 102 122 135 90 77 91 100 102 100 100 108 111 124 127 122 110 97 79 58 59 53 56 50 66 70 40 13 10 9 12 7 5 11 29 63 57 41 58 31 14 9 3 4 4 5 1 3 4 3
4 3 2 2 3 3 3 3 3 8 9 21 31 37 24 12 49 82 52 15 11 8 11 7 9 21 44 85 109 92 95 100 106 108 100 100 102 114 117 112 118 117 109 107 104 110 119 123 121 116 105 98 105 106 80 89 98 101 98 99 102 114 125 136 133 121 107 95 90 81 81 62 48 49 46 63 70 51 26 11 11 12 10 12 32 50 67 53 35 47 46 17 6 6 5 3 2 4 5 4
4 3 3 2 4 4 4 4 6 8 7 26 42 39 49 84 81 56 23 10 3 5 10 15 26 65 116 139 113 91 102 109 105 110 106 98 91 100 114 121 131 130 116 102 102 111 123 120 110 113 110 114 125 105 86 100 109 110 107 108 114 128 144 152 143 123 104 95 98 98 100 81 65 69 58 58 68 79 61 28 13 21 9 12 23 22 32 83 51 51 65 23 13 5 4 1 4 5 6 6
6 6 5 4 5 5 5 5 1 6 16 48 53 28 95 113 66 20 18 13 15 7 8 19 44 98 157 137 103 88 103 111 108 113 117 99 94 100 113 114 129 131 117 104 103 118 133 125 108 110 111 129 143 122 97 91 101 109 113 117 122 133 145 146 140 124 114 114 110 104 99 79 70 73 80 79 79 90 82 57 26 15 15 12 17 8 14 57 85 35 58 36 23 8 6 5 5 6 8 7
5 5 4 2 3 3 4 5 7 15 27 55 45 44 84 64 31 12 6 11 17 10 11 25 61 112 125 102 94 93 103 103 100 112 123 104 101 105 102 112 130 132 115 107 112 123 139 124 107 109 108 113 132 103 78 84 97 98 96 106 115 123 135 139 140 130 125 122 114 101 94 80 79 87 96 94 93 88 98 94 67 35 10 10 12 14 13 34 70 59 38 67 51 17 6 9 7 5 5 5
4 1 1 2 2 3 3 4 12 18 47 53 43 84 50 23 16 8 6 8 10 19 25 42 91 112 108 99 102 101 97 97 93 99 112 113 109 101 100 115 131 132 116 110 120 126 136 131 117 117 111 103 126 102 53 60 83 96 99 103 101 109 120 131 134 135 135 126 112 96 81 80 93 104 105 105 107 96 94 94 98 82 34 17 16 14 15 16 38 70 48 74 68 30 10 13 6 5 4 5
3 0 0 1 1 2 3 3 10 32 59 47 69 71 26 21 18 7 8 15 17 16 40 74 95 91 99 109 107 102 99 98 100 101 104 112 110 104 107 121 132 132 116 113 124 128 130 133 123 118 113 107 127 132 88 70 90 107 105 97 100 109 113 122 131 139 140 125 109 91 81 83 97 107 112 113 104 104 87 82 90 91 73 33 18 12 12 13 23 45 78 44 44 22 15 18 6 4 3 4
2 4 2 0 1 1 2 3 16 62 56 62 81 32 12 19 15 11 13 20 26 46 77 87 85 92 94 116 102 92 99 101 106 109 105 112 106 108 118 127 137 136 121 119 126 132 129 134 127 111 107 106 117 128 107 85 95 105 104 106 106 119 122 128 138 145 143 125 110 94 94 91 94 99 115 117 112 100 99 95 84 79 73 41 17 20 15 10 15 23 77 50 12 29 19 19 5 3 3 3
2 0 3 7 8 4 8 13 35 84 51 77 58 17 10 11 13 15 25 29 55 91 98 90 89 92 101 114 102 95 99 106 110 109 106 107 108 116 127 134 143 142 132 128 132 140 136 131 121 116 109 111 110 112 97 92 101 108 120 120 119 125 130 136 143 148 142 125 112 102 102 98 94 100 111 112 102 101 105 96 82 72 64 51 35 14 19 11 8 10 54 71 40 50 32 18 17 0 4 2
3 3 0 4 9 7 2 14 63 75 65 77 27 12 8 17 13 17 30 53 92 101 91 98 95 94 102 119 112 101 99 105 114 122 121 119 121 128 136 142 142 141 138 136 139 139 139 124 119 122 115 108 113 111 103 100 102 110 124 129 129 133 134 138 143 142 146 134 121 112 108 102 96 99 106 109 104 101 100 92 81 73 68 67 52 24 18 11 4 8 21 75 99 63 70 22 14 4 4 4
22 12 0 3 2 3 0 28 77 59 81 48 18 16 10 11 14 24 38 76 105 86 88 90 93 97 105 126 128 116 106 105 114 132 135 132 133 136 141 144 137 136 138 138 135 129 129 118 113 116 109 102 109 123 106 100 106 109 122 131 134 137 137 140 141 139 145 142 136 121 107 102 103 106 112 110 110 102 94 87 90 88 80 77 75 50 21 21 7 13 7 40 106 78 63 26 13 10 4 5
33 15 7 6 2 7 6 53 77 55 78 25 22 21 17 7 15 30 42 88 93 88 96 90 98 105 108 127 137 132 122 117 116 120 123 130 129 135 143 148 142 139 143 143 135 127 126 124 120 118 111 110 109 120 116 107 106 105 114 122 129 133 133 137 139 139 139 143 139 120 103 104 110 117 122 114 101 95 87 85 92 101 95 86 86 78 29 15 7 6 7 15 70 73 61 74 1 6 0 7
14 7 7 16 5 11 29 64 60 79 53 12 12 13 9 9 21 36 64 96 96 93 98 97 102 109 114 121 126 125 124 120 115 106 115 118 123 134 141 146 145 139 144 144 136 129 127 130 128 126 124 123 116 119 130 121 99 89 108 112 109 118 126 133 138 139 142 144 132 122 109 107 118 129 134 117 103 97 91 90 94 103 107 92 88 80 41 11 8 6 2 7 35 87 66 94 22 7 0 9
1 1 5 16 5 23 64 45 61 84 29 11 9 14 16 17 30 56 94 103 104 102 102 105 111 116 114 113 110 106 113 118 114 107 112 114 118 133 142 147 144 140 143 142 137 130 128 133 134 133 126 118 110 103 116 113 92 90 110 110 101 110 119 129 136 138 140 145 133 124 116 112 123 136 131 119 112 108 106 108 108 116 114 95 92 88 66 26 10 10 7 2 15 75 72 83 46 7 13 5
3 3 0 3 2 42 65 38 94 83 11 17 14 17 13 25 40 76 102 97 102 107 107 119 122 122 115 112 105 103 108 113 114 108 107 108 112 125 135 143 145 144 143 142 140 137 134 134 130 127 119 111 107 103 106 96 93 105 105 105 108 110 113 120 135 143 142 143 141 124 119 120 125 126 122 122 119 114 114 120 127 123 113 108 95 86 83 39 12 12 14 6 4 47 77 72 69 22 18 13
2 3 2 3 8 60 55 75 110 51 10 10 19 22 12 41 92 117 105 90 97 104 102 117 111 112 112 115 119 120 120 115 117 112 107 108 109 117 126 137 147 148 144 143 145 145 140 132 127 122 116 113 105 107 108 109 108 105 109 117 118 118 117 123 136 150 146 141 143 130 126 119 111 110 117 118 124 128 129 126 122 118 108 109 98 80 87 47 9 8 13 9 8 22 74 59 84 38 9 13
6 2 5 9 23 61 70 116 92 24 6 16 27 26 25 68 147 146 97 85 93 93 99 105 104 104 104 115 123 130 130 123 124 124 120 121 119 117 124 134 145 150 143 142 145 144 139 127 114 107 108 110 113 123 124 118 114 106 110 119 126 129 126 126 139 146 145 140 140 136 126 117 111 106 112 115 125 128 129 125 119 108 101 100 97 91 96 64 23 8 10 6 11 6 56 58 66 47 10 12
6 0 0 8 56 65 91 132 61 13 11 27 29 44 94 112 121 117 91 94 98 96 98 102 105 102 101 112 120 129 136 138 137 136 133 135 131 129 133 139 149 153 145 142 146 143 136 123 112 106 113 122 121 120 112 107 108 105 110 124 133 136 135 136 139 145 144 141 138 140 130 119 114 111 108 112 119 123 126 123 118 112 109 106 103 96 95 73 48 7 15 4 7 2 36 65 38 46 28 17
6 2 3 17 69 72 123 107 40 16 24 28 24 50 112 110 96 105 103 103 104 101 103 107 117 116 120 126 126 128 133 139 141 143 141 141 140 142 145 148 151 154 144 141 145 143 136 123 115 114 128 130 118 106 98 106 108 108 112 129 131 135 136 138 140 143 142 144 141 136 142 131 118 111 106 110 113 120 127 128 126 120 116 114 111 103 90 82 71 34 26 14 9 10 24 67 38 51 39 20
6 5 9 30 64 77 131 89 34 12 25 23 29 58 100 96 99 107 112 104 95 98 108 117 120 121 122 121 121 118 121 128 139 146 143 140 145 146 145 143 143 150 147 148 148 147 143 130 120 112 126 132 120 112 106 110 118 115 109 122 128 134 136 138 141 142 141 145 141 139 138 133 132 118 120 121 120 125 129 127 122 111 106 106 109 101 83 86 92 64 16 14 7 3 7 65 75 57 61 14
4 12 7 61 56 107 128 67 22 7 11 17 41 90 104 99 109 112 108 101 100 98 99 104 109 116 117 112 111 110 112 120 123 126 131 139 144 145 144 138 138 140 146 148 150 151 148 137 126 114 114 122 118 114 110 108 120 133 115 114 121 124 129 134 140 144 144 148 142 139 142 139 138 131 127 129 130 124 128 122 113 97 99 98 103 101 84 80 96 90 35 10 11 2 5 54 94 59 83 13
6 8 19 95 79 135 124 48 20 11 12 18 66 137 121 101 104 106 105 103 104 103 102 100 108 118 118 110 111 113 110 112 113 114 119 130 138 142 141 139 138 137 143 148 147 149 151 145 136 123 115 119 120 111 106 107 103 122 116 112 108 111 120 128 137 140 143 148 146 140 142 141 137 137 137 137 137 133 129 117 107 98 98 91 95 99 95 92 97 103 57 25 18 5 12 44 94 66 87 31
6 4 47 85 89 141 103 33 25 27 25 35 78 123 102 95 98 111 114 111 109 107 115 117 118 113 107 103 111 115 114 115 120 118 115 119 130 138 138 139 139 138 144 146 144 145 150 150 144 129 111 110 123 119 115 113 103 110 109 109 110 104 109 122 129 138 144 147 145 140 142 138 136 138 138 137 143 135 121 107 102 99 97 88 98 99 105 101 86 89 88 51 17 9 16 38 86 73 77 48
3 16 71 70 111 141 83 23 20 22 33 65 98 87 76 93 109 115 118 118 112 112 116 107 104 106 110 112 119 123 127 133 135 136 131 129 134 139 131 131 134 139 149 152 147 146 151 154 142 129 107 105 116 122 120 111 107 114 120 120 110 108 106 107 122 138 146 145 145 144 147 138 133 135 138 142 132 122 107 100 101 102 105 104 108 101 108 103 93 87 98 64 20 14 13 32 87 85 73 65
12 7 76 67 134 134 67 37 6 21 29 98 93 67 78 94 103 107 111 110 106 111 106 105 113 117 131 140 152 167 178 178 185 191 184 170 161 153 142 130 134 141 142 143 146 145 143 146 143 130 111 110 110 116 120 122 110 109 144 153 111 104 109 112 120 138 141 141 140 141 142 142 139 138 139 136 120 105 95 99 103 102 106 107 104 96 94 85 95 90 86 77 32 16 11 30 70 101 69 79
1 35 71 73 140 115 48 25 7 17 34 94 65 37 76 92 99 96 98 100 99 113 112 132 159 170 183 199 208 217 222 222 226 230 228 222 220 214 200 180 158 141 140 146 142 143 141 143 148 134 120 111 107 118 125 124 114 113 132 144 103 102 110 117 124 133 143 143 143 142 143 148 146 144 140 130 113 101 97 105 109 112 105 100 91 81 80 80 87 90 83 85 42 14 18 27 50 110 78 78
4 63 75 106 143 99 46 21 16 40 86 117 64 33 49 72 87 88 104 107 97 107 144 185 211 215 214 220 218 222 226 228 225 222 221 222 224 233 236 227 214 179 151 140 143 147 146 149 150 141 124 109 108 124 131 126 112 133 152 131 108 109 111 115 124 136 147 149 146 145 145 149 145 145 138 122 115 109 109 116 116 114 102 92 86 73 74 93 87 84 92 105 57 17 17 19 45 114 87 72
18 67 71 125 140 73 38 12 17 56 120 116 69 49 46 50 65 79 85 106 152 182 210 223 225 222 221 215 219 225 235 243 241 232 228 231 229 231 231 222 226 225 193 160 150 151 148 146 148 149 130 118 117 118 121 124 110 122 130 114 107 110 110 112 125 142 144 143 143 143 142 141 137 140 135 118 115 114 114 114 112 105 101 96 89 80 75 87 91 93 88 107 77 28 11 5 50 111 98 79
38 72 82 138 125 50 21 13 18 34 135 140 77 74 59 52 53 73 117 176 223 236 230 216 212 211 214 219 224 231 240 245 242 234 226 229 226 221 219 222 224 228 224 197 162 142 147 147 145 149 140 131 123 114 114 118 118 114 109 112 112 119 119 122 128 141 145 144 146 142 139 140 137 137 134 128 126 117 118 121 119 108 115 103 98 91 84 88 102 98 88 95 98 51 12 6 37 97 102 94
42 87 98 149 103 48 25 11 16 54 177 223 163 140 123 114 122 154 212 239 237 227 218 202 211 215 222 229 231 236 239 238 232 227 221 223 217 210 213 221 223 226 230 222 190 152 148 153 144 148 152 145 133 115 107 109 111 114 113 112 111 123 132 137 138 145 142 146 147 145 143 141 139 137 134 131 135 131 122 125 125 122 120 110 106 95 90 92 103 99 90 93 104 59 18 9 36 89 109 87
65 82 115 142 86 40 32 35 40 88 199 244 233 225 225 225 207 216 225 224 209 213 222 218 217 224 233 239 237 234 230 227 230 228 225 227 235 228 222 218 217 218 224 230 222 182 150 144 146 150 156 153 140 120 110 109 107 119 121 116 110 118 131 137 141 144 134 140 149 150 148 144 139 134 131 132 130 131 129 133 137 123 109 103 108 93 93 104 110 106 99 96 90 44 11 13 43 96 124 73
93 69 137 139 98 46 71 127 135 155 224 243 204 195 227 218 205 201 209 201 200 208 222 233 223 229 235 239 235 230 228 231 236 237 234 237 235 223 215 215 208 210 218 230 238 216 165 146 149 154 150 149 140 126 119 117 115 118 122 129 124 123 133 139 146 151 137 140 149 153 152 144 138 131 128 131 133 129 133 134 124 113 110 107 114 105 112 115 114 109 104 97 84 43 11 8 23 93 131 67
111 85 143 116 60 39 65 151 219 211 233 236 195 181 215 216 202 197 207 201 206 215 222 229 231 231 229 231 235 235 240 246 246 241 243 245 232 217 212 213 215 214 216 229 240 234 195 157 150 149 147 150 142 123 117 111 107 114 117 129 125 115 134 144 145 146 138 142 149 151 150 144 136 129 126 132 138 136 135 130 121 107 112 109 111 111 111 111 105 107 98 90 88 57 11 9 7 71 136 80
112 100 136 87 33 16 18 66 186 215 231 216 197 199 203 203 199 199 204 209 216 220 220 222 227 231 226 222 237 242 242 252 253 245 241 236 227 213 209 208 213 214 221 233 233 232 217 175 146 145 148 149 142 121 110 104 101 111 113 114 114 115 137 144 141 142 139 144 149 149 148 146 143 136 133 137 139 138 135 126 120 113 114 110 108 106 102 97 101 95 95 93 90 68 21 10 5 53 129 96
108 127 137 71 29 10 9 40 145 209 245 217 208 211 196 192 199 208 207 205 209 219 226 232 232 234 225 217 228 236 239 248 251 253 250 237 234 223 219 218 212 209 214 219 223 229 234 189 151 143 145 146 139 119 105 102 104 115 118 110 112 118 139 145 143 142 142 146 149 149 147 144 140 135 131 133 136 139 137 123 114 113 111 112 108 104 100 99 98 93 93 91 92 77 41 10 0 34 122 107
90 136 134 64 23 6 8 33 120 208 235 211 208 204 197 192 193 201 207 205 212 223 232 240 237 236 226 219 226 232 242 245 238 241 245 243 234 227 227 226 217 215 221 223 227 234 243 204 161 143 142 144 135 117 104 106 111 118 120 109 114 118 134 140 144 140 141 143 150 151 147 140 137 133 129 129 133 138 138 123 113 109 98 101 95 99 96 85 82 90 91 91 96 101 91 34 4 18 109 112
67 132 122 45 24 6 8 29 117 178 208 208 205 202 204 196 193 197 204 211 220 229 234 237 237 232 223 217 219 228 235 238 229 229 238 241 237 235 233 232 227 223 225 232 233 238 242 217 170 141 140 146 140 123 110 107 109 117 118 106 107 115 130 142 144 138 141 147 150 150 147 142 138 131 128 131 132 139 136 123 113 108 103 101 94 87 83 87 91 94 101 100 101 99 126 91 15 25 85 130
69 132 109 35 20 16 14 41 117 151 186 208 210 207 207 200 194 203 217 226 227 232 231 231 228 220 215 214 214 211 214 222 224 227 231 231 229 231 233 235 234 234 236 240 248 247 239 222 186 151 148 149 146 130 118 116 115 121 118 107 109 113 126 140 143 137 141 147 152 152 150 146 140 135 133 134 134 140 135 119 111 110 106 101 99 97 98 105 106 104 109 111 99 87 117 118 36 14 67 131
82 134 98 27 16 14 10 40 125 159 189 207 207 205 202 199 208 218 229 225 217 220 225 233 227 217 213 215 218 211 210 215 220 221 220 220 222 221 220 220 215 222 235 245 247 245 239 233 204 163 149 148 146 130 117 114 118 128 122 112 114 114 123 139 144 137 139 144 148 149 147 144 141 139 136 136 137 140 136 125 119 114 109 110 113 109 108 109 115 112 113 112 105 104 102 91 21 10 53 114
92 132 91 22 13 4 10 44 132 173 197 203 205 204 199 197 213 221 220 200 197 212 219 222 220 218 219 222 227 219 209 203 210 213 214 223 222 220 217 215 215 218 231 244 243 239 239 231 211 171 144 147 147 129 113 110 112 129 124 111 119 115 123 139 147 138 137 140 147 148 147 144 141 139 136 135 133 134 133 132 130 128 125 123 121 120 121 124 125 120 114 103 97 98 94 64 6 11 35 104
111 132 75 24 10 2 10 45 131 179 198 202 203 198 198 201 212 209 202 193 192 208 220 219 216 218 222 226 230 219 206 204 207 206 213 222 225 224 218 218 225 222 232 243 245 243 239 229 206 164 146 145 148 130 111 111 113 128 122 111 115 117 124 139 145 137 139 143 148 148 148 148 145 141 135 131 127 127 129 132 133 137 137 133 129 124 123 125 125 117 104 97 93 98 93 58 5 6 30 102
127 127 65 20 10 5 11 54 142 184 196 198 196 195 198 201 206 205 197 202 194 194 213 217 217 216 219 223 227 230 221 212 210 207 214 225 224 223 217 217 220 227 239 245 241 240 236 225 207 169 149 149 149 131 114 115 116 125 125 109 112 118 126 139 142 136 139 145 147 147 147 147 148 142 134 130 132 127 122 122 125 130 133 132 129 131 127 116 109 104 100 99 102 100 98 60 10 4 26 102
126 118 50 15 8 6 8 58 153 189 198 199 203 205 204 201 205 201 193 199 196 198 219 227 223 220 223 229 235 241 231 219 217 211 213 218 220 219 213 213 214 221 235 242 242 249 244 225 208 172 147 146 149 132 115 116 116 126 124 108 108 118 127 137 141 133 134 138 143 143 143 143 144 140 137 135 137 128 120 119 120 126 131 131 130 135 130 115 107 105 105 108 105 94 96 54 16 6 25 104
123 118 40 9 3 8 12 71 171 200 202 201 208 212 211 206 206 204 203 201 206 217 229 232 229 227 232 240 243 241 226 216 213 213 214 215 215 214 209 209 213 213 227 240 244 245 240 228 214 179 149 146 150 132 113 113 116 129 121 108 110 122 132 141 138 131 134 140 143 143 143 143 143 141 138 137 134 124 116 117 122 129 133 132 133 134 130 122 116 112 110 112 107 90 94 51 13 3 22 99
139 126 30 5 3 3 18 95 181 205 196 192 200 206 216 219 212 207 206 208 217 221 227 228 231 229 227 231 234 231 221 206 209 218 224 218 222 221 214 219 218 220 229 230 227 229 230 225 211 176 142 146 152 133 115 110 117 132 122 114 114 125 138 138 136 136 139 150 150 140 147 146 142 140 137 136 131 126 122 123 126 125 126 130 133 132 127 121 118 115 113 111 101 90 92 60 13 4 15 91
152 119 26 10 5 2 23 101 179 205 198 192 203 211 217 221 217 215 217 222 226 230 234 236 230 239 245 239 228 227 223 214 211 218 227 228 224 226 234 231 225 223 225 227 225 223 223 218 206 180 146 142 151 134 127 124 124 131 127 116 109 120 134 137 140 139 140 148 149 142 147 146 142 140 137 136 135 133 131 132 134 134 133 129 129 132 131 124 116 115 110 103 92 63 79 60 13 4 18 88
120 104 25 9 5 2 36 120 176 199 199 196 208 219 211 204 203 205 212 220 219 223 227 228 225 227 232 228 223 219 217 211 210 210 219 226 220 224 235 228 224 223 224 230 236 230 225 218 211 186 152 146 142 128 137 138 126 130 124 117 109 118 132 137 140 141 141 147 150 146 148 145 142 140 137 136 137 137 138 139 139 138 134 128 125 128 128 122 114 110 102 96 94 73 110 82 12 4 21 85
110 90 20 11 8 9 55 145 178 189 188 187 194 198 186 183 188 193 204 213 213 216 219 220 225 230 227 226 224 220 220 219 217 209 215 225 220 219 222 218 220 219 216 224 236 229 226 221 211 180 146 146 140 123 136 134 124 129 117 115 115 121 133 139 136 139 141 146 149 148 148 145 142 140 137 136 134 137 140 142 140 135 130 128 123 122 120 116 113 104 95 95 94 92 93 66 11 4 24 82
130 81 25 7 7 16 70 157 175 184 192 186 199 213 194 177 180 190 198 206 211 213 212 216 229 230 227 229 228 224 230 233 229 217 216 218 222 218 212 214 213 212 207 214 227 227 224 219 203 169 140 143 142 119 128 126 120 125 113 114 118 126 138 140 134 137 141 146 152 149 148 143 142 140 139 137 134 137 143 141 136 130 125 125 125 118 113 114 111 103 96 98 106 102 88 74 20 8 20 89
133 80 20 5 14 44 118 177 178 185 191 193 206 221 207 190 183 188 191 197 215 215 215 221 237 234 226 223 226 221 233 243 236 218 211 211 216 216 213 210 207 211 207 212 230 235 230 218 196 161 145 144 135 119 140 130 124 123 113 118 116 127 141 141 136 136 142 151 150 147 146 143 142 141 140 139 138 140 140 132 124 121 119 119 124 116 109 107 108 103 103 112 113 101 87 74 16 5 17 83
129 74 13 6 12 43 138 181 173 177 181 194 203 200 194 192 195 197 199 206 216 219 221 227 240 237 224 217 220 218 233 243 233 217 212 212 213 215 215 210 203 209 207 214 235 237 227 211 203 172 144 140 120 129 135 124 119 113 110 119 121 129 141 141 137 137 143 152 149 144 144 143 142 141 141 140 142 136 135 132 119 118 117 116 117 113 107 105 109 107 109 114 119 103 91 76 16 7 19 80
122 68 10 9 14 23 126 178 169 171 172 195 199 191 196 204 208 205 203 208 207 218 223 226 237 236 224 216 216 216 228 235 229 219 214 210 210 209 213 208 204 207 208 219 231 227 219 211 194 160 141 129 119 124 120 115 112 108 111 121 131 131 137 138 136 139 143 148 148 142 142 143 142 142 142 142 139 134 130 123 118 118 116 113 110 110 109 109 111 115 118 118 114 100 92 74 15 8 20 78
113 70 13 4 1 24 135 188 179 169 177 189 193 192 199 207 205 203 197 204 212 216 219 227 233 237 227 216 213 214 229 234 220 216 210 206 210 211 209 212 208 204 207 216 221 216 216 207 174 147 138 136 130 121 122 117 114 116 120 133 132 132 136 135 135 142 140 146 148 141 142 143 141 141 141 141 134 133 126 116 112 118 123 118 116 108 116 120 118 120 121 117 108 97 93 59 12 5 23 72
112 63 16 7 3 41 141 183 181 177 180 183 187 183 186 193 197 199 198 205 220 224 220 227 227 228 224 218 213 225 233 231 208 202 205 209 209 210 209 213 214 208 208 214 221 219 215 199 159 137 130 130 123 129 132 115 118 121 129 140 134 135 137 133 135 141 142 147 147 143 142 141 140 140 140 140 138 128 118 115 111 116 123 122 111 113 123 125 125 126 122 112 101 90 87 56 8 0 23 74
105 62 6 2 2 51 138 173 184 186 186 182 178 178 181 185 190 191 193 196 214 224 224 228 222 218 217 209 220 225 228 235 210 197 202 206 206 208 209 214 218 213 211 214 223 223 212 185 145 136 133 133 122 152 143 116 118 119 127 134 135 137 140 134 131 135 140 144 145 144 140 139 139 139 139 139 132 125 117 111 108 118 127 123 117 117 121 126 131 121 110 106 99 87 87 60 11 3 30 70
114 63 13 7 3 53 133 171 188 192 194 187 185 188 187 184 182 187 194 195 196 213 231 230 216 216 220 209 217 217 217 230 210 196 202 203 203 207 210 215 219 216 214 216 221 221 203 166 141 140 132 123 120 151 123 108 116 117 129 135 133 138 142 137 131 134 141 145 144 146 139 137 139 139 139 139 132 126 120 117 122 122 129 131 129 131 128 123 121 113 103 99 99 87 87 63 16 0 25 70
109 64 21 3 2 28 116 165 176 177 180 185 189 198 200 186 188 192 201 193 191 210 234 221 215 221 224 216 215 209 210 220 208 201 203 201 204 207 209 216 217 220 217 218 221 220 201 155 140 141 127 117 124 143 116 114 120 126 141 140 137 140 141 133 130 134 140 144 146 143 140 138 139 139 138 138 139 134 130 128 129 127 127 131 133 129 127 121 119 110 104 98 99 92 84 70 16 1 19 72
105 58 20 15 11 18 82 147 172 171 171 177 184 199 203 193 191 195 201 196 198 220 229 216 218 220 218 221 214 205 203 209 205 200 194 197 201 208 210 214 216 218 219 220 220 214 177 148 140 140 137 135 134 130 110 113 114 124 140 141 137 139 141 136 131 135 140 144 146 143 140 138 138 139 139 139 142 138 134 132 129 132 135 137 136 129 128 127 121 115 110 102 93 92 84 69 21 7 16 69
107 60 19 17 11 18 81 126 154 163 172 178 180 187 192 194 191 191 190 187 197 226 239 234 223 213 209 222 215 211 204 198 203 196 190 195 199 207 210 214 217 220 223 221 216 203 159 139 135 128 126 126 127 129 120 113 113 129 144 147 139 140 141 136 133 137 141 144 146 143 140 138 139 139 138 138 137 135 134 135 139 137 133 129 128 129 132 127 116 113 110 100 94 93 82 68 21 10 26 70
114 70 17 9 8 10 60 93 126 154 176 184 185 190 187 187 190 191 191 192 196 203 227 242 229 218 215 213 206 199 200 202 202 191 192 195 199 204 208 216 214 221 223 212 200 169 144 139 136 122 119 119 130 131 122 121 129 143 148 146 143 141 140 135 135 137 141 144 146 143 140 138 142 140 137 136 140 137 133 132 128 124 120 120 122 124 128 126 116 117 115 103 95 95 84 79 28 6 26 65
106 83 20 6 5 11 61 96 99 129 161 179 186 194 194 197 193 191 196 203 197 189 201 228 232 221 218 212 203 195 198 197 200 198 197 196 195 201 213 215 210 207 221 213 183 144 138 140 139 124 119 118 130 124 117 125 139 147 145 145 146 141 139 136 138 139 141 143 143 143 139 138 139 140 136 139 140 135 132 126 119 116 115 119 125 126 129 125 119 117 119 111 93 94 91 81 35 13 26 57
81 64 34 38 21 7 51 93 103 105 135 165 175 186 189 198 193 195 192 204 207 195 194 206 226 227 221 210 208 201 200 199 201 200 198 197 195 201 220 216 215 205 207 197 158 129 130 139 132 117 111 114 127 114 113 126 140 148 146 147 145 141 140 138 139 138 139 141 142 141 137 138 137 137 136 140 134 128 124 117 114 112 114 119 126 127 131 128 120 115 118 114 100 89 83 51 30 34 25 53
77 61 41 82 44 7 41 83 106 100 120 139 133 155 184 191 192 201 207 202 205 212 210 208 219 220 216 213 209 211 210 210 203 196 195 200 202 210 210 214 218 206 184 150 132 127 134 135 126 115 109 113 128 112 115 118 130 148 150 146 144 141 142 141 140 137 136 138 140 138 134 138 137 138 139 135 124 117 115 114 114 113 116 122 128 125 125 122 115 110 112 108 104 93 74 35 30 28 31 62
85 64 30 54 31 6 51 100 100 102 113 125 112 118 134 163 183 192 196 201 204 213 213 212 209 214 210 209 215 225 219 213 210 210 209 207 206 206 208 211 205 177 150 127 127 127 132 130 125 121 113 116 131 109 117 123 137 148 147 146 143 141 143 143 142 136 133 136 139 136 133 138 140 142 141 126 113 109 113 117 120 118 120 125 128 120 115 108 107 103 104 94 96 93 52 20 41 26 36 77
88 50 24 26 21 10 53 110 95 101 106 104 112 119 110 121 140 152 158 173 174 183 191 193 197 206 211 210 211 213 211 208 209 213 210 202 203 203 198 188 161 134 118 122 128 131 129 130 135 125 115 118 126 115 118 134 142 143 145 147 143 139 137 138 136 136 139 142 140 138 131 140 144 142 128 119 108 103 106 118 124 128 125 133 126 117 107 100 97 99 99 86 85 81 28 20 35 30 27 97
107 64 25 14 13 5 43 91 88 100 95 98 102 121 122 113 113 116 123 128 129 138 147 153 156 169 184 192 198 206 208 204 209 210 206 201 201 188 162 137 129 128 129 132 135 135 130 131 133 120 113 121 123 113 117 132 140 146 148 143 137 138 137 137 139 139 141 143 145 142 141 133 131 125 112 106 106 104 110 120 129 136 132 133 116 93 94 94 85 84 103 121 98 61 15 36 42 21 32 112
107 81 32 9 8 19 97 130 94 102 104 96 96 100 118 122 112 109 118 118 121 124 129 132 129 129 141 154 164 177 184 183 183 187 181 170 158 146 134 130 132 131 133 138 142 136 128 127 128 115 111 124 124 113 113 123 138 143 145 142 141 142 142 141 142 141 141 142 145 140 140 124 119 111 105 100 106 108 114 121 128 133 130 123 106 94 89 83 86 79 102 144 117 48 11 44 39 17 45 122
113 90 31 13 9 16 93 116 97 105 105 107 102 97 110 118 117 110 109 111 112 115 121 127 126 133 139 143 144 147 147 143 137 136 137 138 136 134 136 142 140 135 134 137 143 134 123 120 121 113 111 124 118 110 112 123 130 129 133 139 147 144 142 143 143 141 140 140 140 133 128 118 110 107 107 102 102 106 111 114 114 121 127 124 115 96 98 89 95 95 97 114 109 34 11 34 26 22 62 118
97 112 41 13 14 0 25 56 89 101 102 111 105 100 101 106 119 124 117 112 110 109 112 117 119 128 132 130 128 131 133 133 136 137 136 142 144 143 143 144 142 143 146 144 139 127 115 119 117 114 112 122 106 107 117 121 120 119 124 134 142 145 139 143 142 139 138 139 138 132 128 119 109 111 114 111 105 104 108 109 109 107 121 122 120 102 106 102 108 105 98 93 85 26 13 27 18 28 86 101
77 122 56 11 16 6 3 27 82 89 94 108 110 105 102 108 109 120 129 126 120 117 118 120 122 121 122 125 121 121 127 135 137 138 139 145 144 140 141 145 146 144 144 140 137 123 111 114 114 111 112 120 105 105 119 120 116 117 119 122 130 140 139 142 144 141 137 136 138 139 138 129 124 124 126 123 115 109 109 108 104 105 100 112 114 115 112 114 112 104 97 97 76 12 17 19 23 33 121 83
80 120 72 7 13 13 1 19 71 86 88 101 114 113 101 101 98 108 124 127 128 127 127 128 129 125 125 127 120 116 123 135 136 135 139 141 143 138 139 143 141 141 143 140 130 117 112 114 112 109 113 118 103 104 115 115 110 114 116 116 124 138 139 141 143 142 138 135 133 137 140 133 130 130 134 134 131 123 117 110 109 107 94 104 99 100 107 113 109 95 91 96 70 4 9 17 12 60 135 86
93 120 100 19 15 10 2 12 52 113 110 99 104 115 103 100 99 99 105 117 119 123 127 128 131 131 126 119 123 120 127 138 140 136 139 139 140 139 139 140 140 139 139 134 124 111 110 113 112 110 116 119 100 106 107 108 108 111 116 121 130 140 139 141 141 142 140 136 135 135 139 137 136 132 132 130 131 131 129 122 112 105 107 103 103 105 99 108 98 93 92 77 32 9 13 15 23 105 97 101
104 109 122 33 10 12 10 1 28 121 122 95 96 114 112 106 105 98 102 105 106 108 112 114 118 124 123 125 129 129 132 136 139 138 138 138 139 139 142 145 145 142 131 120 115 114 127 116 113 111 118 119 100 107 107 103 108 112 122 131 135 145 143 139 138 136 141 136 134 132 134 135 131 127 121 117 115 116 125 126 114 113 107 96 101 105 94 100 103 92 95 44 9 11 12 15 39 115 66 102
100 86 133 52 10 11 14 8 13 66 94 94 99 108 111 116 111 107 114 109 110 109 108 108 114 116 118 122 124 129 133 133 134 135 135 135 139 142 145 147 146 137 120 106 113 122 124 113 112 110 115 126 107 107 117 116 115 122 130 134 139 145 142 140 137 135 140 135 133 132 132 126 125 119 111 106 100 103 115 124 125 118 110 108 105 95 96 92 89 97 68 16 12 9 6 18 82 104 67 103
93 85 135 73 9 19 12 16 11 41 81 87 97 105 106 108 116 112 115 110 114 114 113 113 113 113 116 117 117 126 132 132 131 132 135 136 140 145 146 144 142 124 112 113 119 120 111 112 121 111 116 127 111 108 120 121 124 122 127 136 137 142 140 140 136 135 140 135 131 129 126 118 114 113 111 111 104 103 106 119 127 128 118 111 93 94 86 81 85 82 30 6 1 8 10 45 107 80 105 87
81 97 122 106 24 17 16 13 7 22 70 91 94 98 97 100 104 104 105 117 125 122 118 116 110 111 112 106 112 122 130 133 132 134 138 140 144 149 148 141 132 121 115 118 116 115 111 119 119 105 119 125 104 106 108 108 113 112 115 122 130 140 140 138 136 134 139 134 130 124 120 116 113 110 108 108 108 101 96 109 122 125 110 100 78 82 72 64 67 39 6 10 7 13 13 86 120 76 127 48
55 102 78 133 56 15 22 9 11 13 60 120 106 95 99 104 101 99 95 108 122 113 106 111 106 103 107 108 109 121 128 135 138 138 139 137 138 146 145 136 125 129 128 114 113 117 112 121 119 108 122 122 107 106 108 101 105 106 110 115 124 140 139 137 137 137 140 136 130 124 118 116 115 117 116 115 107 94 92 100 113 120 102 92 82 75 65 55 36 7 6 13 11 8 23 108 87 103 119 8
32 100 72 130 92 20 16 16 8 3 31 93 96 89 97 113 101 103 100 110 118 107 101 108 101 93 107 114 108 120 129 136 139 138 137 136 137 145 141 128 127 126 113 120 125 120 119 118 117 109 124 123 107 105 108 109 107 114 121 123 128 139 138 136 132 132 135 133 128 128 126 124 127 126 121 114 105 97 96 97 110 116 98 87 83 65 61 57 22 2 1 12 8 11 67 95 58 125 64 4
15 102 84 97 112 38 9 11 9 10 11 50 83 96 100 111 108 108 106 119 126 114 104 107 104 105 114 113 117 125 134 135 132 130 130 131 134 141 137 125 119 122 126 127 119 110 110 106 103 102 122 121 110 107 105 109 112 112 118 129 136 141 140 137 136 132 133 130 129 130 130 129 131 129 121 111 104 100 99 96 107 114 97 87 84 67 57 36 7 9 11 10 14 32 99 71 69 125 13 2
5 88 106 64 111 56 7 12 6 11 6 26 65 89 86 94 106 113 107 110 117 110 101 101 108 116 116 119 127 129 133 128 125 123 125 129 131 136 136 132 125 125 129 120 113 107 105 105 102 103 122 118 108 109 107 111 110 113 123 134 139 138 137 134 133 130 132 134 133 129 126 126 128 128 122 111 101 95 93 90 101 111 96 89 85 72 47 16 6 17 14 7 6 64 105 50 109 84 0 9
0 77 120 62 84 77 17 14 9 11 4 7 49 86 86 88 94 104 102 100 99 96 101 99 103 112 112 122 123 125 126 125 123 127 130 131 131 136 140 140 135 133 125 116 111 112 113 113 115 110 127 120 108 114 120 120 120 127 134 136 134 133 129 122 115 117 121 132 134 131 127 123 120 115 116 109 99 92 90 95 106 115 97 92 90 78 29 4 11 12 5 7 32 92 87 70 128 37 0 4
0 38 138 76 62 84 43 7 13 8 4 3 20 65 89 90 94 90 103 107 97 95 103 110 105 102 98 110 119 120 115 109 115 131 136 130 131 132 134 138 141 140 135 128 128 124 121 119 114 108 128 129 102 104 117 123 129 134 137 137 138 132 121 110 107 108 111 121 128 132 131 122 110 102 104 103 96 83 87 100 102 107 94 82 76 47 14 7 11 11 4 18 81 97 53 128 95 11 0 0
10 11 106 111 64 75 85 32 16 12 13 11 4 37 80 92 98 99 97 103 105 105 100 97 113 120 108 103 109 112 110 108 115 125 132 133 131 129 130 133 137 139 136 130 125 117 112 111 104 99 126 135 109 98 108 125 136 137 134 129 129 124 115 105 97 98 99 108 119 129 132 122 104 90 86 83 82 68 74 94 93 89 87 80 51 19 7 12 10 3 5 54 109 69 64 147 51 0 6 0
14 3 40 126 65 44 110 60 11 15 21 20 9 12 51 84 91 100 108 109 112 110 102 101 114 114 103 106 107 107 111 115 119 119 123 129 130 131 131 129 133 133 130 124 117 110 107 108 105 99 123 125 108 108 108 126 134 131 124 116 112 110 106 99 94 93 93 102 112 123 128 121 105 91 84 77 84 71 59 74 89 80 81 60 22 11 10 9 4 1 28 99 104 42 117 110 16 0 4 2
6 1 20 118 112 27 102 78 17 14 16 9 12 4 23 60 84 91 101 112 112 106 102 104 125 123 110 105 106 110 113 119 118 115 116 124 130 131 130 131 137 137 129 118 115 107 104 109 107 99 121 118 97 107 121 124 126 124 114 99 97 104 92 89 91 92 93 99 107 122 123 117 110 107 99 93 90 85 52 48 93 112 69 32 9 7 15 10 4 12 61 132 73 74 156 48 6 1 3 2
4 0 5 75 155 51 70 113 46 6 4 17 18 13 5 20 63 82 87 94 98 100 102 101 113 126 115 96 107 114 116 111 111 111 117 123 126 128 129 133 136 137 127 124 125 111 105 109 106 102 121 112 97 118 127 118 115 112 105 97 94 99 88 85 91 99 92 93 99 110 118 122 119 113 106 102 89 82 54 33 83 112 38 10 16 11 10 9 7 30 105 119 46 117 133 7 3 0 3 4
5 0 0 29 138 102 43 114 100 35 2 9 5 12 4 6 32 74 86 91 90 98 107 105 96 98 100 99 104 112 116 106 101 108 123 128 129 124 121 126 135 134 127 124 121 109 105 113 110 107 126 113 104 118 119 115 109 102 97 96 97 98 89 85 90 101 94 89 96 99 111 121 120 115 109 105 98 83 59 39 44 40 12 7 6 9 5 7 32 79 108 77 72 151 61 3 2 0 2 3
4 0 0 6 72 146 62 67 119 84 20 6 3 5 8 7 9 41 71 89 90 97 110 109 98 91 98 103 99 101 113 112 106 113 128 127 121 113 106 113 122 126 134 127 118 110 107 112 111 106 125 115 108 115 108 107 97 91 92 100 106 103 95 90 95 101 103 98 82 85 101 114 115 116 111 102 94 81 53 34 17 7 8 5 4 6 4 26 74 120 76 48 132 124 12 6 4 0 1 0
2 3 3 3 30 135 111 33 84 108 52 12 3 4 8 9 6 12 42 72 83 92 107 102 94 91 99 103 98 103 114 114 111 123 135 121 106 100 106 110 110 118 131 132 120 117 115 119 111 101 119 113 116 115 106 98 90 89 95 107 111 106 101 96 101 104 115 104 89 82 87 96 100 106 98 91 86 64 31 16 7 5 8 2 5 1 16 69 111 101 45 95 161 55 0 7 3 0 0 0
3 2 3 3 3 83 151 72 29 65 81 54 11 8 9 6 7 1 8 35 57 82 92 94 99 98 99 106 110 113 112 114 122 131 124 108 101 101 105 107 107 116 127 129 126 125 120 119 106 98 115 111 123 115 104 99 97 98 101 105 106 107 106 102 102 109 109 101 98 88 91 85 86 93 88 81 65 32 10 4 3 1 7 1 1 21 66 116 105 59 60 153 84 7 0 3 2 1 0 1
3 3 3 2 1 35 128 152 41 16 85 95 42 5 0 8 3 5 14 14 19 58 92 90 96 101 104 113 121 121 119 124 126 131 114 101 98 106 105 101 104 112 122 123 121 122 117 116 100 99 116 111 117 108 101 101 102 105 104 101 102 106 103 103 102 101 95 100 92 99 103 65 70 87 102 81 37 11 3 6 4 5 7 0 19 67 107 104 66 34 133 136 25 3 4 2 1 2 3 2
3 3 2 3 1 11 58 149 113 50 70 109 85 32 12 5 0 5 11 5 3 32 75 99 94 97 106 109 110 105 107 108 111 113 106 100 99 112 105 96 95 102 113 112 110 111 111 116 104 113 128 119 115 108 101 98 100 102 100 96 94 94 85 89 94 95 96 101 88 93 93 64 85 134 119 62 16 12 5 1 0 4 4 30 76 103 98 61 44 119 152 53 4 6 0 4 0 3 4 3
2 2 3 4 5 5 12 91 139 106 39 71 100 79 35 9 3 5 6 2 8 6 30 73 88 91 93 103 98 95 101 101 99 97 98 100 98 113 106 97 98 99 105 107 107 110 112 114 107 116 125 117 110 111 103 97 90 88 83 82 80 82 66 72 77 89 96 92 82 83 81 86 105 117 54 12 1 8 4 0 5 7 32 84 120 103 55 34 112 175 75 6 2 6 6 1 3 3 4 5
2 2 3 4 2 9 0 22 102 132 49 31 63 91 87 46 13 5 4 8 15 9 5 22 51 73 86 91 96 98 100 97 93 92 96 100 101 112 113 101 105 99 94 92 98 99 99 103 102 128 129 107 109 107 97 89 76 67 72 78 80 81 76 71 70 86 74 80 87 87 89 78 52 20 0 5 6 0 1 8 23 57 66 100 113 63 32 93 173 114 6 3 5 4 3 3 3 4 4 4
2 2 3 4 2 1 0 6 61 140 111 55 42 51 72 85 54 22 19 7 1 2 11 6 7 32 58 77 84 91 92 90 93 93 96 100 98 114 117 99 96 96 90 92 99 97 93 105 115 165 158 143 136 103 95 95 83 84 98 101 95 88 74 90 116 119 78 78 72 62 55 26 7 2 3 5 2 7 4 34 76 100 92 84 62 39 100 165 128 26 8 8 7 4 3 5 4 4 4 3
2 2 3 4 7 10 8 3 26 87 137 136 84 30 26 40 76 73 33 20 14 7 1 1 1 6 20 35 54 73 87 99 99 95 93 93 100 106 103 99 102 103 97 101 119 133 127 126 142 178 189 183 142 83 93 97 101 107 112 110 107 77 54 76 116 110 67 49 25 15 13 4 4 3 0 5 2 19 36 88 122 97 52 39 35 102 161 126 33 2 0 9 7 6 5 5 5 4 3 3
3 3 3 3 5 5 5 4 9 20 80 159 158 77 28 20 34 59 77 49 24 4 4 1 5 1 3 2 15 28 44 67 75 83 82 90 93 90 94 98 103 103 102 105 119 183 208 205 213 218 227 203 152 102 117 104 88 99 103 120 153 114 81 66 59 36 15 10 9 6 1 4 3 2 10 16 30 70 110 119 101 59 32 46 108 166 116 33 8 6 7 5 6 6 6 6 4 2 2 2
3 3 3 2 2 3 5 6 7 3 8 49 130 159 109 50 13 17 61 91 80 47 14 5 3 3 2 2 4 0 0 11 42 66 84 99 100 125 173 148 113 102 93 96 107 155 162 146 162 217 246 241 227 196 164 115 73 74 81 94 117 109 77 32 12 6 2 5 5 2 10 9 7 17 38 59 82 113 113 84 52 42 70 130 179 122 40 7 5 4 7 8 5 5 5 5 4 2 2 2
3 3 3 3 1 2 4 5 8 8 11 12 41 111 170 128 53 14 24 57 79 84 72 41 16 2 12 10 5 7 4 2 6 19 41 61 83 128 175 153 131 104 73 61 72 73 49 26 20 88 196 232 238 208 127 50 21 15 21 26 25 14 5 2 0 1 6 10 15 18 14 25 36 59 102 101 67 66 61 30 42 102 163 151 85 23 0 12 16 11 10 10 4 4 4 4 4 2 2 2
3 3 3 3 3 3 3 3 7 6 12 9 13 27 79 133 135 78 35 27 23 44 77 95 80 54 30 17 18 9 2 0 4 0 1 6 22 30 39 53 50 40 21 11 16 20 20 19 9 12 59 106 106 68 24 3 4 3 1 0 2 2 1 2 8 8 10 11 22 42 55 71 95 109 110 78 44 29 35 72 130 161 124 57 12 1 7 10 12 5 5 6 4 4 4 4 4 2 2 2
2 4 5 4 3 3 3 3 4 4 6 9 3 11 2 49 129 149 106 56 34 10 17 40 77 98 80 70 49 27 15 12 6 2 1 5 0 0 0 4 1 0 0 3 12 18 13 5 2 7 9 6 5 10 9 2 5 4 7 2 2 6 6 19 25 34 57 81 104 111 120 97 68 56 41 34 47 52 89 154 178 85 16 11 7 11 11 7 5 11 11 5 4 4 4 4 5 4 3 3
2 4 5 4 3 3 3 3 3 5 7 6 6 8 4 10 38 100 158 159 107 55 14 3 16 44 69 85 84 70 88 65 42 18 9 3 1 1 0 0 1 5 8 8 7 8 6 3 2 1 2 6 6 6 5 6 10 3 21 23 31 43 70 96 117 142 156 148 130 80 59 30 16 12 22 46 89 144 171 134 58 12 2 4 8 6 5 5 4 4 3 1 4 4 4 4 5 4 3 3
2 4 5 4 4 4 4 4 4 7 7 5 5 15 10 6 4 10 51 125 159 127 81 48 25 22 7 28 46 63 120 139 124 105 90 67 57 39 22 19 29 25 25 28 25 34 44 40 36 29 31 41 63 78 89 84 82 87 102 131 147 157 169 171 147 127 96 74 50 32 19 19 33 55 96 132 157 147 86 32 3 5 8 10 9 4 1 4 5 2 2 3 4 4 4 4 5 4 3 3
2 4 5 4 5 5 5 5 6 5 5 6 6 7 7 6 8 9 8 34 90 141 159 144 102 60 37 19 34 31 58 78 72 101 127 134 140 120 114 126 122 120 119 121 130 137 151 148 143 135 136 147 142 133 146 140 101 124 139 142 128 115 82 62 64 50 36 32 38 37 44 100 142 153 146 117 64 37 11 9 12 9 0 3 8 5 2 2 3 3 2 1 4 4 4 4 4 4 3 3
3 4 4 3 4 4 4 4 5 5 5 5 3 4 3 4 12 15 2 5 11 41 106 160 171 141 102 77 46 16 20 25 31 63 83 81 88 77 93 116 115 127 128 128 119 116 141 135 134 130 147 154 129 111 122 106 34 48 79 48 37 42 45 28 21 28 40 52 75 129 162 153 128 88 40 13 5 4 6 12 13 7 3 5 7 7 4 1 3 3 3 3 3 3 3 2 3 3 2 3
3 4 4 3 2 2 2 2 4 4 4 4 6 5 2 1 10 15 10 2 5 5 5 38 99 144 162 153 125 88 44 24 22 28 23 26 35 31 31 28 24 43 50 48 36 24 56 74 68 56 75 98 73 59 49 30 32 36 39 35 44 40 54 79 97 121 148 167 157 144 108 53 27 8 3 19 10 9 11 16 10 5 2 4 7 3 0 1 3 3 3 3 3 3 3 3 3 2 3 3
3 4 4 3 2 2 2 2 3 3 3 3 3 3 4 4 1 0 10 9 7 14 8 6 17 43 92 140 169 158 107 75 67 45 40 43 54 62 41 39 27 13 16 33 44 50 39 39 34 21 17 14 26 30 35 47 88 82 70 97 104 123 151 168 166 154 125 99 68 33 17 14 7 11 11 5 17 14 11 9 8 6 4 5 5 1 0 1 3 3 3 3 3 3 2 3 3 3 3 3
3 4 4 3 3 3 3 3 3 3 3 3 5 4 3 2 4 2 6 9 10 7 10 11 9 9 7 15 59 118 169 181 160 132 106 113 160 163 148 137 105 70 64 81 114 142 132 118 75 66 65 68 71 88 100 116 145 153 159 173 165 144 125 92 64 35 9 10 13 13 11 6 5 4 5 9 8 8 7 6 3 2 2 1 3 3 2 2 3 3 3 3 3 3 3 3 3 3 3 3
3 4 4 3 3 3 3 3 2 2 2 2 1 3 4 3 4 3 5 8 9 9 9 9 6 8 14 21 18 35 65 111 145 155 181 200 206 157 124 95 81 74 76 81 88 125 163 193 196 180 157 160 177 177 175 163 149 134 111 89 59 46 25 8 13 8 8 6 8 8 9 5 6 6 6 6 4 4 2 0 0 0 1 2 2 2 2 2 3 3 3 3 3 3 3 3 3 3 3 3
